p[0][0] = (0,0,0)
p[1][0] = (100,0,100)
p[2][0] = (200,0,200)
p[3][0] = (300,0,100)
p[4][0] = (400,0,0)
p[0][1] = (0,100,200)
p[1][1] = (100,100,300)
p[2][1] = (200,100,300)
p[3][1] = (300,100,300)
p[4][1] = (400,100,200)
p[0][2] = (0,200,200)
p[1][2] = (100,200,300)
p[2][2] = (200,200,350)
p[3][2] = (300,200,300)
p[4][2] = (400,200,200)
p[0][3] = (0,300,200)
p[1][3] = (100,300,300)
p[2][3] = (200,300,300)
p[3][3] = (300,300,300)
p[4][3] = (400,300,200)
p[0][4] = (0, 400, 100)
p[1][4] = (100, 400, 200)
p[2][4] = (200, 400, 200)
p[3][4] = (300, 400, 200)
p[4][4] = (400, 400, 100)